['chosen_articles', 0.5584921614333379, 0, 20.226020574569702]
['chosen_articles', 0.5584921614333379, 1, 18.058598279953003]
['chosen_articles', 0.5584921614333379, 2, 17.96317481994629]
['chosen_articles_cleaned_4o', 0.6049179578591343, 0, 14.947876214981079]
['chosen_articles_cleaned_4o', 0.6049179578591343, 1, 13.61849570274353]
['chosen_articles_cleaned_4o', 0.6049179578591343, 2, 13.132906436920166]
['chosen_articles_cleaned_by_me', 0.5660679190090955, 0, 16.332794904708862]
['chosen_articles_cleaned_by_me', 0.5660679190090955, 1, 15.651582479476929]
['chosen_articles_cleaned_by_me', 0.5660679190090955, 2, 15.521533966064453]
['chosen_articles_cleaned_regex', 0.5660679190090955, 0, 16.535138607025146]
['chosen_articles_cleaned_regex', 0.5660679190090955, 1, 15.682967185974121]
['chosen_articles_cleaned_regex', 0.5660679190090955, 2, 15.5935959815979]
